   threshold sensitivity specificity          F1
1       0.00 1.000000000   0.0000000 0.165724360
2       0.05 0.964049890   0.4207535 0.247317899
3       0.10 0.913426266   0.5586971 0.287396122
4       0.15 0.863536317   0.6520440 0.321804511
5       0.20 0.797138665   0.7178824 0.343774719
6       0.25 0.726705796   0.7740654 0.363219655
7       0.30 0.655539252   0.8196094 0.377641589
8       0.35 0.578503302   0.8589594 0.385857597
9       0.40 0.498532649   0.8922612 0.385969895
10      0.45 0.435069699   0.9180208 0.384939955
11      0.50 0.365370506   0.9386432 0.368479467
12      0.55 0.297872340   0.9546018 0.339464883
13      0.60 0.235143067   0.9683378 0.302644004
14      0.65 0.165810712   0.9796692 0.241970021
15      0.70 0.125458547   0.9864825 0.198895028
16      0.75 0.084372707   0.9917656 0.144563168
17      0.80 0.048789435   0.9955549 0.089231801
18      0.85 0.026045488   0.9979961 0.049789621
19      0.90 0.011371974   0.9994899 0.022374594
20      0.95 0.001100514   0.9999271 0.002196997
[1] "Max F1 0.385969894916217 at threshold 0.4"
[1] "Null model accuracy: 0.909651332361129"
