   threshold sensitivity specificity          F1
1       0.00 1.000000000   0.0000000 0.165727719
2       0.05 0.957446809   0.4235814 0.246738514
3       0.10 0.906578626   0.5636781 0.287827319
4       0.15 0.846539496   0.6559342 0.318811881
5       0.20 0.782709709   0.7255878 0.344389745
6       0.25 0.718635363   0.7802419 0.365610128
7       0.30 0.649425287   0.8225442 0.378007117
8       0.35 0.572878454   0.8600855 0.384284132
9       0.40 0.495720225   0.8929873 0.385306278
10      0.45 0.427977501   0.9190634 0.381637771
11      0.50 0.351308388   0.9405485 0.360341151
12      0.55 0.285277574   0.9573212 0.332691622
13      0.60 0.222548300   0.9696123 0.291200000
14      0.65 0.168256297   0.9797173 0.245188881
15      0.70 0.123012962   0.9864701 0.195377743
16      0.75 0.082538518   0.9917412 0.141613343
17      0.80 0.050623624   0.9956641 0.092524304
18      0.85 0.026779164   0.9978989 0.051108518
19      0.90 0.009660064   0.9991984 0.018983540
20      0.95 0.002690144   0.9998543 0.005358013
[1] "Max F1 0.385306277622012 at threshold 0.4"
[1] "Null model accuracy: 0.909649336014318"
