   threshold  sensitivity specificity           F1
1       0.00 1.0000000000   0.0000000 0.1657277186
2       0.05 0.9569576914   0.4123348 0.2430812238
3       0.10 0.9080459770   0.5514599 0.2827067669
4       0.15 0.8499633162   0.6462908 0.3141552924
5       0.20 0.7876008804   0.7187621 0.3410191926
6       0.25 0.7130105160   0.7765012 0.3598161118
7       0.30 0.6400097823   0.8215969 0.3725134337
8       0.35 0.5595500122   0.8623688 0.3799717678
9       0.40 0.4811689900   0.8946026 0.3785291713
10      0.45 0.4135485449   0.9203143 0.3732685834
11      0.50 0.3390804598   0.9416659 0.3520375778
12      0.55 0.2698703840   0.9597260 0.3221662652
13      0.60 0.2051846417   0.9723207 0.2765554182
14      0.65 0.1471019809   0.9818913 0.2213024283
15      0.70 0.1058938616   0.9885105 0.1733733734
16      0.75 0.0656639765   0.9934172 0.1160203090
17      0.80 0.0352164343   0.9968179 0.0659945005
18      0.85 0.0129616043   0.9988826 0.0253104107
19      0.90 0.0024455857   0.9997328 0.0048661800
20      0.95 0.0003668379   0.9999757 0.0007332274
[1] "Max F1 0.379971767831936 at threshold 0.35"
[1] "Null model accuracy: 0.909649336014318"
