   threshold  sensitivity specificity          F1
1       0.00 1.0000000000   0.0000000 0.165724360
2       0.05 0.9699192957   0.4015521 0.242624455
3       0.10 0.9233308877   0.5412082 0.282253995
4       0.15 0.8716067498   0.6396196 0.316947909
5       0.20 0.8000733676   0.7138381 0.341822741
6       0.25 0.7289068232   0.7703490 0.360748003
7       0.30 0.6460014674   0.8189900 0.372501322
8       0.35 0.5641966251   0.8588865 0.378026300
9       0.40 0.4805575935   0.8936093 0.376653249
10      0.45 0.4027879677   0.9209357 0.366366366
11      0.50 0.3352898019   0.9413029 0.348124167
12      0.55 0.2696258254   0.9593748 0.321241259
13      0.60 0.2006603081   0.9719449 0.270591145
14      0.65 0.1463683052   0.9821103 0.220685841
15      0.70 0.1060161409   0.9884500 0.173469388
16      0.75 0.0707997065   0.9935510 0.124677003
17      0.80 0.0425531915   0.9964658 0.078938414
18      0.85 0.0187087307   0.9983604 0.036144578
19      0.90 0.0058694057   0.9995628 0.011619463
20      0.95 0.0007336757   0.9999271 0.001465201
[1] "Max F1 0.378026299619024 at threshold 0.35"
[1] "Null model accuracy: 0.909651332361129"
